100
0.42
0.71
0.30
0.55
0.18
0.64
0.22
0.39
0.81
0.27
0.46
0.53
0.34
0.76
0.25
0.61
0.49
0.12
0.88
0.37
0.58
0.44
0.29
0.69
0.33
0.51
0.47
0.73
0.19
0.62
0.36
0.41
0.57
0.24
0.79
0.31
0.66
0.21
0.45
0.54
0.38
0.72
0.26
0.59
0.43
0.68
0.17
0.82
0.35
0.52
0.48
0.63
0.28
0.74
0.32
0.56
0.23
0.67
0.40
0.75
0.16
0.83
0.50
0.60
0.20
0.70
0.15
0.85
0.11
0.89
0.13
0.87
0.14
0.86
0.10
0.90
0.36
0.64
0.27
0.73
0.31
0.69
0.44
0.56
0.52
0.48
0.33
0.67
0.41
0.59
0.22
0.78
0.24
0.76
0.26
0.74
0.38
0.62
0.47
0.53